Here, have a flag:


33333333333333363333333333333335333333333333333333333333333333323333333333333333
33333333333333393333333333333333333333333333333333333333333333333333333333333339
33333333333333333333333333333337333333333333333633333333333333353333333333333333
33333333333333323333333333333333333333333333333933333333333333333333333333333333
33333333333333363333333333333331333333333333333333333333333333373333333333333336
33333333333333353333333333333333333333333333333233333333333333333333333333333339
33333333333333333333333333333333333333333333333333333333333333393333333333333336
33333333333333363333333333  3333333333333333333337333333333333333633333333333333
3233333333333333363333333    333333335333333333333333333333333333333323333333333
33333333333333333333393333  3333333333333333333333333333333333333333333333333333
33333339333333333333333333  3333333333333933333333333333363333333333333335333333
33333333333333333333333332  33                        33333333333333333333333333
33393333333333333333333333  33                        33333333333333333333333333
33333333333339333333333333  33                        36333333333333333533333333
33333336333333333333333533  33                        33333333333333333333333333
32333333333333333333333333  33                        33333933333333333333333333
33333333333133333333333333  36                        33333333333333313333333333
33333333333333333333303333  33                        33333333363333333333333335
33333333333333333333333333  33                        33323333333333333333333333
33333333393333333333333333  33                        33333333333333333333333333
33333333333333333339333333  33                        33333336333333333333333433
33333333333333333333333333  3335333333333333333633333333333333363333333333333336
33333333333333353333333333  3333333333333333333332333333333333333333333333333333
39333333333333333333333333  3333333333333333333333363333333333333331333333333333
33333333333333333333333333  3333333336333333333333333533333333333333333333333333
33333233333333333333333333  3333333333393333333333333333333333333333333333333333
33333333333333333333333933  3333333333333333333333333333373333333333333336333333
33333333353333333333333333  3333333333333332333333333333333333333333333333393333
33333333333333333333333333  3133333333333333363333333333333331333333333333333333
33333333333332333333333333  3333333333333333333533333333333333363333333333333336
33333333333333363333333333  3333353333333333333333333333333333333233333333333333
33333333333333333933333333  3333333333333333333333333333333333333333333333333333
33393333333333333333333333333333333233333333333333363333333333333335333333333333
33333333333333333332333333333333333333333333333333393333333333333333333333333333
33333333333333333333333333333333333933333333333333363333333333333332333333333333
33363333333333333335333333333333333333333333333333323333333333333333333333333333
33393333333333333333333333333333333333333333333333363333333333333331333333333333
33333333333333333334333333333333333633333333333333353333333333333333333333333333
33323333333333333333333333333333333933333333333333333333333333333333333333333333
33333333333333333339333333333333333333333333333333313333333333333333333333333333
33   37  33   33  33   33  33   33  33   36  33   33  33   33  33   33  33   34