2918850839
3724219167
139415050
1135001093
2073731509
2517967585
732616891
3049699871
3542652537
1776362842
1379561743
5656418307
3097759249
1642151659
1296646018
1772446099
4090405965
433378573
700721923
1225296877
1863815297
1029506475
86727643
3810868560
5195623952
3365169721
2956961839
6545539529
2960826117
3664769706
4873356715
486684789
2987379788
2723819911
3034490638
3789754427
1486393880
3040068079
3013293104
1792000314
3482342673
2791453182
103526175
6150474371
3618958455
45788020
3783114854
3145238968
2720903684
1881937046
4125643494
2567567045
607896010
3785793104
4205336781
3333863414
921723580
2419520202
3241709206
975228948
3772940454
67049195
4110730777
1821402016
3753659866
832627816
2173063600
2616414387
2289123356
7625912835
2825842032
1787435092
7718194062
468417968
3462907400
159053294
460221697
2376256669
781764024
880921160
1715481222
2138228676
1465901871
17412955
1411744196
7579274530
1373774956
1041916667
3995121898
4739506018
698779048
1729511356
5055454944
271179354
2761229906
227777714
1382137999
99245723
30473747
3981725240
4629610227
1519224547
3756490411
3700834724
752606734
7751165330
739541348
3905740217
2532523888
665243357
671714698
3610197029