sage: a=matrix(Zmod(64), mm)
sage: a
[54 53 28 20 54 15 12  7]
[32 14 24  5 63 12 50 52]
[63 59 40 18 55 33 17  3]
[63 34  5  4 56 10 53 16]
[35 43 45 53 12 42 35 37]
[20 59 42 10 46 56 12 61]
[26 39 27 59 44 54 23 56]
[32 31 56 47 31  2 29 41]
sage: a.inverse()
[31 44 13 33 47 24 12 21]
[37 22 19 37 40  1 59 55]
[45 59 63  4 27 63 20 50]
[44 10  0  9 11  1 14 16]
[54 47 14  7 31 25 48 48]
[39  2 56 48 38 27 48 34]
[38  1 12 40 40 13 34  5]
[27 22  5 21 22 20  7 59]
sage: ai=a.inverse()
sage: c = [58, 39, 21, 58, 63, 3, 34, 60, 7, 29, 60, 16, 32, 12, 41, 63, 28, 43, 61, 56, 22, 35, 29, 3, 10, 9, 55, 28, 36, 23, 3, 55, 56, 17, 10, 14, 52, 2, 9, 56, 52, 29, 15, 33, 41, 13, 39, 29, 1, 61, 61, 30, 49, 29, 14, 19, 44, 43, 28, 41, 59, 51, 28, 42]


sage: for i in xrange(0,len(c),8):
    cc = matrix(Zmod(64), c[i:i+8])
    print ai*cc.transpose()


n [14]: p=[34,2,4,28,45,31,62,11,8,13,4,0,17,61,0,11,6,4,1,17,0,61,15,11,20,18,61,11,4,3,61,25,4,15,15,4,11,8,13,61,0,17,4,61,0,61,1,4,0,20,19,8,5,20,11,61,12,52,23,19,20,17,4,63]

In [15]: rr=''

In [16]: print ''.join([alphabet[i] for i in p])
IceCTF{linear_algebra_plus_led_zeppelin_are_a_beautiful_m1xture}