35 02 d2 d2 d2 d2 64 c4 14 74 02 94 08 00 45 00
00 3c a6 65 40 00 3e 06 75 a5 45 75 14 25 e3 02
e4 14 dd c4 1f 90 00 00 00 00 00 00 00 00 a0 02
38 90 c7 d0 00 00 02 04 05 b4 04 02 08 0a e4 14
45 84 00 00 00 00 01 03 03 07

36 03 d3 d4 d5 d6 65 c1 13 72 02 94 08 00 45 00
00 3c a6 65 40 00 3e 06 07 29 31 43 19 43 21 44
23 64 dd c4 1f 90 00 00 00 00 00 00 00 00 a0 02
38 90 59 54 00 00 02 04 05 b4 04 02 08 0a e4 14
45 84 00 00 00 00 01 03 03 07

a4 3b 45 cd 1d 76 56 22 75 15 02 41 08 00 45 00
00 3c a6 65 40 00 3e 06 54 e8 32 45 66 14 65 34
43 e1 dd c4 1f 90 00 00 00 00 00 00 00 00 a0 02
38 90 b0 ff 00 00 02 04 05 b4 04 02 08 0a e4 14
45 84 00 00 00 00 01 03 03 07

a4 3b 45 cd 1d 76 56 22 75 15 02 41 08 00 45 00
00 3c a6 65 40 00 3e 06 54 e8 32 45 66 14 65 34
43 e1 dd c4 1f 90 00 00 00 00 00 00 00 00 a0 02
38 90 b0 ff 00 00 02 04 05 b4 04 02 08 0a e4 14
45 84 00 00 00 00 01 03 03 07





?? ?? ?? ?? ?? ?? ?? ?? ?? ?? ?? ?? 08 00 45 00
00 3c 00 00 40 00 3e 06 1c 0b ?? ?? ?? ?? ?? ??
?? ?? 1f 90 dd c4 00 00 00 00 00 00 00 01 a0 ??
38 90 18 79 00 00 02 04 05 b4 04 02 08 0a 53 e3
8e e8 ?? ?? ?? ?? 01 03 03 07